Writing Counter to a file:
Links  = 3306
Nodes  = 58
C_In   = 0
C_Out  = 0
Graphs = 0
Live_Graphs  = 0
Virgin_Nodes = 0
TSP_Cost_Out = 0
TSP_Cost_In  = 0
Sort = 0
Writing Counter to a file:
Links  = 3306
Nodes  = 58
C_In   = 0
C_Out  = 0
Graphs = 0
Live_Graphs  = 0
Virgin_Nodes = 0
TSP_Cost_Out = 0
TSP_Cost_In  = 0
Sort = 0
***********************************************************
          L I N K     A R R A Y    D A T A 
***********************************************************
    From_Node    To_Node     Length 
    ==========  ==========  ========== 
         1           2        2635
         2           1        2635
         1           3        2713
         3           1        2713
         1           4        2437
         4           1        2437
         1           5        1600
         5           1        1600
         1           6        2845
         6           1        2845
         1           7        6002
         7           1        6002
         1           8        1743
         8           1        1743
         1           9         594
         9           1         594
         1          10        2182
        10           1        2182
         1          11        2906
        11           1        2906
         1          12        1658
        12           1        1658
         1          13         464
        13           1         464
         1          14        3334
        14           1        3334
         1          15        3987
        15           1        3987
         1          16        2870
        16           1        2870
         1          17        2601
        17           1        2601
         1          18         330
        18           1         330
         1          19        3049
        19           1        3049
         1          20        1302
        20           1        1302
         1          21        3399
        21           1        3399
         1          22        1946
        22           1        1946
         1          23        1278
        23           1        1278
         1          24         669
        24           1         669
         1          25         627
        25           1         627
         1          26        2878
        26           1        2878
         1          27        1737
        27           1        1737
         1          28        3124
        28           1        3124
         1          29        2878
        29           1        2878
         1          30         307
        30           1         307
         1          31        5217
        31           1        5217
         1          32         799
        32           1         799
         1          33        3305
        33           1        3305
         1          34        3716
        34           1        3716
         1          35        2251
        35           1        2251
         1          36        2878
        36           1        2878
         1          37        3467
        37           1        3467
         1          38        4316
        38           1        4316
         1          39        2963
        39           1        2963
         1          40         512
        40           1         512
         1          41        2515
        41           1        2515
         1          42        4850
        42           1        4850
         1          43        1937
        43           1        1937
         1          44         367
        44           1         367
         1          45        3601
        45           1        3601
         1          46        3936
        46           1        3936
         1          47        2430
        47           1        2430
         1          48        2691
        48           1        2691
         1          49        2087
        49           1        2087
         1          50        1861
        50           1        1861
         1          51        2358
        51           1        2358
         1          52        2263
        52           1        2263
         1          53        1425
        53           1        1425
         1          54        2266
        54           1        2266
         1          55        2166
        55           1        2166
         1          56        3870
        56           1        3870
         1          57        1417
        57           1        1417
         1          58         739
        58           1         739
         2           3         314
         3           2         314
         2           4        2636
         4           2        2636
         2           5         666
         5           2         666
         2           6        1096
         6           2        1096
         2           7        4645
         7           2        4645
         2           8         693
         8           2         693
         2           9        2889
         9           2        2889
         2          10         287
        10           2         287
         2          11         772
        11           2         772
         2          12        1135
        12           2        1135
         2          13        2875
        13           2        2875
         2          14        1424
        14           2        1424
         2          15        2185
        15           2        2185
         2          16        1193
        16           2        1193
         2          17         846
        17           2         846
         2          18        2142
        18           2        2142
         2          19        1127
        19           2        1127
         2          20        3104
        20           2        3104
         2          21        1484
        21           2        1484
         2          22         490
        22           2         490
         2          23         990
        23           2         990
         2          24        1950
        24           2        1950
         2          25        2855
        25           2        2855
         2          26         975
        26           2         975
         2          27         926
        27           2         926
         2          28        1214
        28           2        1214
         2          29         599
        29           2         599
         2          30        2535
        30           2        2535
         2          31        3860
        31           2        3860
         2          32        3027
        32           2        3027
         2          33        1407
        33           2        1407
         2          34        1811
        34           2        1811
         2          35         359
        35           2         359
         2          36        1060
        36           2        1060
         2          37        1557
        37           2        1557
         2          38        2959
        38           2        2959
         2          39         394
        39           2         394
         2          40        2740
        40           2        2740
         2          41          98
        41           2          98
         2          42        3538
        42           2        3538
         2          43         856
        43           2         856
         2          44        2026
        44           2        2026
         2          45        1710
        45           2        1710
         2          46        1733
        46           2        1733
         2          47         508
        47           2         508
         2          48         194
        48           2         194
         2          49         532
        49           2         532
         2          50        2906
        50           2        2906
         2          51         435
        51           2         435
         2          52         335
        52           2         335
         2          53        2470
        53           2        2470
         2          54         137
        54           2         137
         2          55         234
        55           2         234
         2          56        2072
        56           2        2072
         2          57        1196
        57           2        1196
         2          58        1517
        58           2        1517
         3           4        2730
         4           3        2730
         3           5         706
         5           3         706
         3           6         791
         6           3         791
         3           7        4588
         7           3        4588
         3           8         922
         8           3         922
         3           9        2991
         9           3        2991
         3          10         217
        10           3         217
         3          11         760
        11           3         760
         3          12        1050
        12           3        1050
         3          13        2915
        13           3        2915
         3          14        1119
        14           3        1119
         3          15        1776
        15           3        1776
         3          16        1451
        16           3        1451
         3          17        5410
        17           3        5410
         3          18        2182
        18           3        2182
         3          19         846
        19           3         846
         3          20        3333
        20           3        3333
         3          21         578
        21           3         578
         3          22         721
        22           3         721
         3          23        1030
        23           3        1030
         3          24        1990
        24           3        1990
         3          25        2895
        25           3        2895
         3          26         670
        26           3         670
         3          27         835
        27           3         835
         3          28         909
        28           3         909
         3          29         287
        29           3         287
         3          30        2575
        30           3        2575
         3          31        3803
        31           3        3803
         3          32        3067
        32           3        3067
         3          33        1102
        33           3        1102
         3          34        1505
        34           3        1505
         3          35         158
        35           3         158
         3          36         439
        36           3         439
         3          37        1248
        37           3        1248
         3          38        2902
        38           3        2902
         3          39         287
        39           3         287
         3          40        2780
        40           3        2780
         3          41         276
        41           3         276
         3          42        3436
        42           3        3436
         3          43         771
        43           3         771
         3          44        2066
        44           3        2066
         3          45        1395
        45           3        1395
         3          46        1740
        46           3        1740
         3          47         407
        47           3         407
         3          48         279
        48           3         279
         3          49         334
        49           3         334
         3          50        3135
        50           3        3135
         3          51         337
        51           3         337
         3          52         235
        52           3         235
         3          53        2699
        53           3        2699
         3          54         451
        54           3         451
         3          55         546
        55           3         546
         3          56        1882
        56           3        1882
         3          57        2699
        57           3        2699
         3          58        1557
        58           3        1557
         4           5        2824
         5           4        2824
         4           6        3457
         6           4        3457
         4           7        6083
         7           4        6083
         4           8        2120
         8           4        2120
         4           9        2040
         9           4        2040
         4          10        2844
        10           4        2844
         4          11        2973
        11           4        2973
         4          12        3937
        12           4        3937
         4          13        1958
        13           4        1958
         4          14        3710
        14           4        3710
         4          15        4363
        15           4        4363
         4          16        2941
        16           4        2941
         4          17        3207
        17           4        3207
         4          18        1991
        18           4        1991
         4          19        3512
        19           4        3512
         4          20        1571
        20           4        1571
         4          21        3392
        21           4        3392
         4          22        2013
        22           4        2013
         4          23        2922
        23           4        2922
         4          24        2368
        24           4        2368
         4          25        2170
        25           4        2170
         4          26        3336
        26           4        3336
         4          27        3503
        27           4        3503
         4          28        3500
        28           4        3500
         4          29        2884
        29           4        2884
         4          30        2109
        30           4        2109
         4          31        5298
        31           4        5298
         4          32        2108
        32           4        2108
         4          33        3643
        33           4        3643
         4          34        4092
        34           4        4092
         4          35        2934
        35           4        2934
         4          36        3093
        36           4        3093
         4          37        3843
        37           4        3843
         4          38        4391
        38           4        4391
         4          39        2763
        39           4        2763
         4          40        2083
        40           4        2083
         4          41        2543
        41           4        2543
         4          42        4925
        42           4        4925
         4          43        3236
        43           4        3236
         4          44        2107
        44           4        2107
         4          45        3939
        45           4        3939
         4          46        4274
        46           4        4274
         4          47        3008
        47           4        3008
         4          48        2522
        48           4        2522
         4          49        3006
        49           4        3006
         4          50         806
        50           4         806
         4          51        2936
        51           4        2936
         4          52        3026
        52           4        3026
         4          53         947
        53           4         947
         4          54        2464
        54           4        2464
         4          55        2364
        55           4        2364
         4          56        4208
        56           4        4208
         4          57        3116
        57           4        3116
         4          58        2390
        58           4        2390
         5           6        1247
         6           5        1247
         5           7        4746
         7           5        4746
         5           8         716
         8           5         716
         5           9        2223
         9           5        2223
         5          10         584
        10           5         584
         5          11        1442
        11           5        1442
         5          12         694
        12           5         694
         5          13        2089
        13           5        2089
         5          14        1577
        14           5        1577
         5          15        2230
        15           5        2230
         5          16        1609
        16           5        1609
         5          17        1003
        17           5        1003
         5          18        1260
        18           5        1260
         5          19        1297
        19           5        1297
         5          20        2535
        20           5        2535
         5          21        1511
        21           5        1511
         5          22         908
        22           5         908
         5          23         324
        23           5         324
         5          24        1116
        24           5        1116
         5          25        2183
        25           5        2183
         5          26        1126
        26           5        1126
         5          27         260
        27           5         260
         5          28        1367
        28           5        1367
         5          29         996
        29           5         996
         5          30        1863
        30           5        1863
         5          31        3961
        31           5        3961
         5          32        2355
        32           5        2355
         5          33        1565
        33           5        1565
         5          34        1959
        34           5        1959
         5          35         660
        35           5         660
         5          36        1106
        36           5        1106
         5          37        1710
        37           5        1710
         5          38        3060
        38           5        3060
         5          39         991
        39           5         991
         5          40        2068
        40           5        2068
         5          41         523
        41           5         523
         5          42        3594
        42           5        3594
         5          43         434
        43           5         434
         5          44        1354
        44           5        1354
         5          45        1861
        45           5        1861
         5          46        2196
        46           5        2196
         5          47         658
        47           5         658
         5          48         750
        48           5         750
         5          49         563
        49           5         563
         5          50        2929
        50           5        2929
         5          51         586
        51           5         586
         5          52         668
        52           5         668
         5          53        2493
        53           5        2493
         5          54         494
        54           5         494
         5          55         557
        55           5         557
         5          56        2130
        56           5        2130
         5          57         524
        57           5         524
         5          58         851
        58           5         851
         6           7        5126
         7           6        5126
         6           8        1653
         8           6        1653
         6           9        3545
         9           6        3545
         6          10         708
        10           6         708
         6          11        1298
        11           6        1298
         6          12        1342
        12           6        1342
         6          13        3451
        13           6        3451
         6          14         347
        14           6         347
         6          15        1126
        15           6        1126
         6          16        1989
        16           6        1989
         6          17         250
        17           6         250
         6          18        2736
        18           6        2736
         6          19         138
        19           6         138
         6          20        3786
        20           6        3786
         6          21         888
        21           6         888
         6          22        1452
        22           6        1452
         6          23        1671
        23           6        1671
         6          24        2336
        24           6        2336
         6          25        3431
        25           6        3431
         6          26         124
        26           6         124
         6          27        1165
        27           6        1165
         6          28         189
        28           6         189
         6          29         640
        29           6         640
         6          30        3110
        30           6        3110
         6          31        4341
        31           6        4341
         6          32        3603
        32           6        3603
         6          33         489
        33           6         489
         6          34         855
        34           6         855
         6          35         730
        35           6         730
         6          36         364
        36           6         364
         6          37         598
        37           6         598
         6          38        3440
        38           6        3440
         6          39         841
        39           6         841
         6          40        3316
        40           6        3316
         6          41         919
        41           6         919
         6          42        3974
        42           6        3974
         6          43        1063
        43           6        1063
         6          44        2620
        44           6        2620
         6          45         940
        45           6         940
         6          46        1090
        46           6        1090
         6          47         722
        47           6         722
         6          48         921
        48           6         921
         6          49         761
        49           6         761
         6          50        3866
        50           6        3866
         6          51         652
        51           6         652
         6          52         754
        52           6         754
         6          53        3430
        53           6        3430
         6          54        1096
        54           6        1096
         6          55        1191
        55           6        1191
         6          56        1232
        56           6        1232
         6          57        1582
        57           6        1582
         6          58        2098
        58           6        2098
         7           8        4267
         8           7        4267
         7           9        6553
         9           7        6553
         7          10        4826
        10           7        4826
         7          11        3830
        11           7        3830
         7          12        5951
        12           7        5951
         7          13        6417
        13           7        6417
         7          14        5423
        14           7        5423
         7          15        6089
        15           7        6089
         7          16        3142
        16           7        3142
         7          17        4876
        17           7        4876
         7          18        5676
        18           7        5676
         7          19        5181
        19           7        5181
         7          20        6678
        20           7        6678
         7          21        4720
        21           7        4720
         7          22        4074
        22           7        4074
         7          23        5071
        23           7        5071
         7          24        5724
        24           7        5724
         7          25        6675
        25           7        6675
         7          26        5000
        26           7        5000
         7          27        4993
        27           7        4993
         7          28        5221
        28           7        5221
         7          29        4494
        29           7        4494
         7          30        6265
        30           7        6265
         7          31         785
        31           7         785
         7          32        6776
        32           7        6776
         7          33        5265
        33           7        5265
         7          34        5756
        34           7        5756
         7          35        4628
        35           7        4628
         7          36        4747
        36           7        4747
         7          37        5511
        37           7        5511
         7          38        1686
        38           7        1686
         7          39        4276
        39           7        4276
         7          40        6472
        40           7        6472
         7          41        4447
        41           7        4447
         7          42        2230
        42           7        2230
         7          43        5167
        43           7        5167
         7          44        5784
        44           7        5784
         7          45        5561
        45           7        5561
         7          46        5891
        46           7        5891
         7          47        4902
        47           7        4902
         7          48        4353
        48           7        4353
         7          49        4922
        49           7        4922
         7          50        6480
        50           7        6480
         7          51        4759
        51           7        4759
         7          52        4771
        52           7        4771
         7          53        6044
        53           7        6044
         7          54        4299
        54           7        4299
         7          55        4199
        55           7        4199
         7          56        5830
        56           7        5830
         7          57        5271
        57           7        5271
         7          58        5404
        58           7        5404
         8           9        2296
         9           8        2296
         8          10         923
        10           8         923
         8          11        1175
        11           8        1175
         8          12        1282
        12           8        1282
         8          13        2162
        13           8        2162
         8          14        1906
        14           8        1906
         8          15        2559
        15           8        2559
         8          16        1133
        16           8        1133
         8          17        1352
        17           8        1352
         8          18        1422
        18           8        1422
         8          19        1651
        19           8        1651
         8          20        2423
        20           8        2423
         8          21        1588
        21           8        1588
         8          22         209
        22           8         209
         8          23        1030
        23           8        1030
         8          24        1461
        24           8        1461
         8          25        2420
        25           8        2420
         8          26        1538
        26           8        1538
         8          27         965
        27           8         965
         8          28        1716
        28           8        1716
         8          29        1112
        29           8        1112
         8          30        2010
        30           8        2010
         8          31        3482
        31           8        3482
         8          32        2521
        32           8        2521
         8          33        1839
        33           8        1839
         8          34        2288
        34           8        2288
         8          35        1000
        35           8        1000
         8          36        1289
        36           8        1289
         8          37        2039
        37           8        2039
         8          38        2551
        38           8        2551
         8          39         955
        39           8         955
         8          40        2217
        40           8        2217
         8          41         715
        41           8         715
         8          42        3125
        42           8        3125
         8          43        1145
        43           8        1145
         8          44        1529
        44           8        1529
         8          45        2131
        45           8        2131
         8          46        2466
        46           8        2466
         8          47        1087
        47           8        1087
         8          48         718
        48           8         718
         8          49        1083
        49           8        1083
         8          50        2225
        50           8        2225
         8          51        1015
        51           8        1015
         8          52         960
        52           8         960
         8          53        1789
        53           8        1789
         8          54         537
        54           8         537
         8          55         436
        55           8         436
         8          56        2400
        56           8        2400
         8          57        1238
        57           8        1238
         8          58        1199
        58           8        1199
         9          10        2869
        10           9        2869
         9          11        3459
        11           9        3459
         9          12        2366
        12           9        2366
         9          13         147
        13           9         147
         9          14        3741
        14           9        3741
         9          15        4399
        15           9        4399
         9          16        3417
        16           9        3417
         9          17        3163
        17           9        3163
         9          18         924
        18           9         924
         9          19        3462
        19           9        3462
         9          20         681
        20           9         681
         9          21        3734
        21           9        3734
         9          22        2493
        22           9        2493
         9          23        1934
        23           9        1934
         9          24        1377
        24           9        1377
         9          25         130
        25           9         130
         9          26        3402
        26           9        3402
         9          27        2449
        27           9        2449
         9          28        3531
        28           9        3531
         9          29        3219
        29           9        3219
         9          30         343
        30           9         343
         9          31        5766
        31           9        5766
         9          32         228
        32           9         228
         9          33        3724
        33           9        3724
         9          34        4128
        34           9        4128
         9          35        2883
        35           9        2883
         9          36        3277
        36           9        3277
         9          37        3870
        37           9        3870
         9          38        4835
        38           9        4835
         9          39        3214
        39           9        3214
         9          40         184
        40           9         184
         9          41        2746
        41           9        2746
         9          42        4875
        42           9        4875
         9          43        2492
        43           9        2492
         9          44         925
        44           9         925
         9          45        4017
        45           9        4017
         9          46        4362
        46           9        4362
         9          47        2985
        47           9        2985
         9          48        2973
        48           9        2973
         9          49        2831
        49           9        2831
         9          50        1544
        50           9        1544
         9          51        2913
        51           9        2913
         9          52        2891
        52           9        2891
         9          53        1103
        53           9        1103
         9          54        2717
        54           9        2717
         9          55        2655
        55           9        2655
         9          56        4504
        56           9        4504
         9          57        1972
        57           9        1972
         9          58        1447
        58           9        1447
        10          11        1004
        11          10        1004
        10          12         781
        12          10         781
        10          13        2793
        13          10        2793
        10          14        1036
        14          10        1036
        10          15        1694
        15          10        1694
        10          16        1694
        16          10        1694
        10          17         458
        17          10         458
        10          18        1844
        18          10        1844
        10          19         757
        19          10         757
        10          20        3125
        20          10        3125
        10          21        1096
        21          10        1096
        10          22         827
        22          10         827
        10          23         908
        23          10         908
        10          24        1702
        24          10        1702
        10          25        2773
        25          10        2773
        10          26         587
        26          10         587
        10          27         844
        27          10         844
        10          28         826
        28          10         826
        10          29         455
        29          10         455
        10          30        2453
        30          10        2453
        10          31        4041
        31          10        4041
        10          32        2945
        32          10        2945
        10          33        1019
        33          10        1019
        10          34        1423
        34          10        1423
        10          35          75
        35          10          75
        10          36         572
        36          10         572
        10          37        1165
        37          10        1165
        10          38        3140
        38          10        3140
        10          39         560
        39          10         560
        10          40        2658
        40          10        2658
        10          41         227
        41          10         227
        10          42        3674
        42          10        3674
        10          43         502
        43          10         502
        10          44        1944
        44          10        1944
        10          45        1312
        45          10        1312
        10          46        1650
        46          10        1650
        10          47         170
        47          10         170
        10          48         383
        48          10         383
        10          49         169
        49          10         169
        10          50        3136
        50          10        3136
        10          51          98
        51          10          98
        10          52          80
        52          10          80
        10          53        2700
        53          10        2700
        10          54         411
        54          10         411
        10          55         508
        55          10         508
        10          56        1584
        56          10        1584
        10          57         948
        57          10         948
        10          58        1435
        58          10        1435
        11          12        2128
        12          11        2128
        11          13        3322
        13          11        3322
        11          14        1609
        14          11        1609
        11          15        2266
        15          11        2266
        11          16         693
        16          11         693
        11          17        1041
        17          11        1041
        11          18        2585
        18          11        2585
        11          19        1353
        19          11        1353
        11          20        3586
        20          11        3586
        11          21         887
        21          11         887
        11          22         974
        22          11         974
        11          23        2553
        23          11        2553
        11          24        2624
        24          11        2624
        11          25        3583
        25          11        3583
        11          26        1177
        26          11        1177
        11          27        1488
        27          11        1488
        11          28        1398
        28          11        1398
        11          29         673
        29          11         673
        11          30        3173
        30          11        3173
        11          31        3045
        31          11        3045
        11          32        3684
        32          11        3684
        11          33        1444
        33          11        1444
