Writing Counter to a file:
Links  = 2304
Nodes  = 48
C_In   = 0
C_Out  = 0
Graphs = 0
Live_Graphs  = 0
Virgin_Nodes = 0
TSP_Cost_Out = 0
TSP_Cost_In  = 0
Sort = 0
Writing Counter to a file:
Links  = 2304
Nodes  = 48
C_In   = 0
C_Out  = 0
Graphs = 0
Live_Graphs  = 0
Virgin_Nodes = 0
TSP_Cost_Out = 0
TSP_Cost_In  = 0
Sort = 0
***********************************************************
          L I N K     A R R A Y    D A T A 
***********************************************************
    From_Node    To_Node     Length 
    ==========  ==========  ========== 
         1           1  1.84467e+19
         2           1         273
         1           2         273
         2           2  1.84467e+19
         3           1        1272
         1           3        1272
         3           2         999
         2           3         999
         3           3  1.84467e+19
         4           1         744
         1           4         744
         4           2         809
         2           4         809
         4           3        1519
         3           4        1519
         4           4  1.84467e+19
         5           1        1138
         1           5        1138
         5           2         866
         2           5         866
         5           3         140
         3           5         140
         5           4        1425
         4           5        1425
         5           5  1.84467e+19
         6           1        1972
         1           6        1972
         6           2        1722
         2           6        1722
         6           3         937
         3           6         937
         6           4        1861
         4           6        1861
         6           5        1052
         5           6        1052
         6           6  1.84467e+19
         7           1        1580
         1           7        1580
         7           2        1338
         2           7        1338
         7           3         697
         3           7         697
         7           4        1473
         4           7        1473
         7           5         776
         5           7         776
         7           6         400
         6           7         400
         7           7  1.84467e+19
         8           1        1878
         1           8        1878
         8           2        1640
         2           8        1640
         8           3         951
         3           8         951
         8           4        1713
         4           8        1713
         8           5        1049
         5           8        1049
         8           6         182
         6           8         182
         8           7         304
         7           8         304
         8           8  1.84467e+19
         9           1        1539
         1           9        1539
         9           2        1226
         2           9        1226
         9           3         267
         3           9         267
         9           4        1761
         4           9        1761
         9           5         402
         5           9         402
         9           6         820
         6           9         820
         9           7         699
         7           9         699
         9           8         884
         8           9         884
         9           9  1.84467e+19
        10           1        1457
         1          10        1457
        10           2        1185
         2          10        1185
        10           3         227
         3          10         227
        10           4        1617
         4          10        1617
        10           5         361
         5          10         361
        10           6         721
         6          10         721
        10           7         538
         7          10         538
        10           8         755
         8          10         755
        10           9         177
         9          10         177
        10          10  1.84467e+19
        11           1         429
         1          11         429
        11           2         440
         2          11         440
        11           3        1229
         3          11        1229
        11           4         370
         4          11         370
        11           5        1119
         5          11        1119
        11           6        1735
         6          11        1735
        11           7        1335
         7          11        1335
        11           8        1612
         8          11        1612
        11           9        1486
         9          11        1486
        11          10        1362
        10          11        1362
        11          11  1.84467e+19
        12           1        1129
         1          12        1129
        12           2         894
         2          12         894
        12           3         587
         3          12         587
        12           4        1073
         4          12        1073
        12           5         578
         5          12         578
        12           6         851
         6          12         851
        12           7         454
         7          12         454
        12           8         749
         8          12         749
        12           9         757
         9          12         757
        12          10         587
        10          12         587
        12          11         891
        11          12         891
        12          12  1.84467e+19
        13           1        1251
         1          13        1251
        13           2         992
         2          13         992
        13           3         369
         3          13         369
        13           4        1304
         4          13        1304
        13           5         406
         5          13         406
        13           6         740
         6          13         740
        13           7         393
         7          13         393
        13           8         690
         8          13         690
        13           9         506
         9          13         506
        13          10         335
        10          13         335
        13          11        1082
        11          13        1082
        13          12         252
        12          13         252
        13          13  1.84467e+19
        14           1        1421
         1          14        1421
        14           2        1173
         2          14        1173
        14           3         554
         3          14         554
        14           4        1369
         4          14        1369
        14           5         618
         5          14         618
        14           6         551
         6          14         551
        14           7         173
         7          14         173
        14           8         476
         8          14         476
        14           9         609
         9          14         609
        14          10         435
        10          14         435
        14          11        1199
        11          14        1199
        14          12         308
        12          14         308
        14          13         222
        13          14         222
        14          14  1.84467e+19
        15           1         588
         1          15         588
        15           2         334
         2          15         334
        15           3         721
         3          15         721
        15           4        1092
         4          15        1092
        15           5         581
         5          15         581
        15           6        1551
         6          15        1551
        15           7        1198
         7          15        1198
        15           8        1501
         8          15        1501
        15           9         981
         9          15         981
        15          10         930
        10          15         930
        15          11         726
        11          15         726
        15          12         803
        12          15         803
        15          13         814
        13          15         814
        15          14        1025
        14          15        1025
        15          15  1.84467e+19
        16           1         334
         1          16         334
        16           2         358
         2          16         358
        16           3        1212
         3          16        1212
        16           4         453
         4          16         453
        16           5        1095
         5          16        1095
        16           6        1769
         6          16        1769
        16           7        1370
         7          16        1370
        16           8        1654
         8          16        1654
        16           9        1474
         9          16        1474
        16          10        1358
        10          16        1358
        16          11          96
        11          16          96
        16          12         920
        12          16         920
        16          13        1094
        13          16        1094
        16          14        1227
        14          16        1227
        16          15         663
        15          16         663
        16          16  1.84467e+19
        17           1         837
         1          17         837
        17           2         626
         2          17         626
        17           3         739
         3          17         739
        17           4         798
         4          17         798
        17           5         670
         5          17         670
        17           6        1159
         6          17        1159
        17           7         760
         7          17         760
        17           8        1049
         8          17        1049
        17           9         967
         9          17         967
        17          10         819
        10          17         819
        17          11         583
        11          17         583
        17          12         309
        12          17         309
        17          13         510
        13          17         510
        17          14         617
        14          17         617
        17          15         632
        15          17         632
        17          16         610
        16          17         610
        17          17  1.84467e+19
        18           1        1364
         1          18        1364
        18           2        1124
         2          18        1124
        18           3         596
         3          18         596
        18           4        1283
         4          18        1283
        18           5         641
         5          18         641
        18           6         613
         6          18         613
        18           7         216
         7          18         216
        18           8         516
         8          18         516
        18           9         681
         9          18         681
        18          10         504
        10          18         504
        18          11        1125
        11          18        1125
        18          12         238
        12          18         238
        18          13         235
        13          18         235
        18          14          90
        14          18          90
        18          15         999
        15          18         999
        18          16        1156
        16          18        1156
        18          17         546
        17          18         546
        18          18  1.84467e+19
        19           1         229
         1          19         229
        19           2         358
         2          19         358
        19           3        1291
         3          19        1291
        19           4         973
         4          19         973
        19           5        1152
         5          19        1152
        19           6        2072
         6          19        2072
        19           7        1692
         7          19        1692
        19           8        1995
         8          19        1995
        19           9        1552
         9          19        1552
        19          10        1496
        10          19        1496
        19          11         653
        11          19         653
        19          12        1252
        12          19        1252
        19          13        1335
        13          19        1335
        19          14        1525
        14          19        1525
        19          15         572
        15          19         572
        19          16         557
        16          19         557
        19          17         983
        17          19         983
        19          18        1479
        18          19        1479
        19          19  1.84467e+19
        20           1         961
         1          20         961
        20           2         847
         2          20         847
        20           3        1114
         3          20        1114
        20           4         565
         4          20         565
        20           5        1060
         5          20        1060
        20           6        1300
         6          20        1300
        20           7         919
         7          20         919
        20           8        1149
         8          20        1149
        20           9        1317
         9          20        1317
        20          10        1153
        10          20        1153
        20          11         563
        11          20         563
        20          12         569
        12          20         569
        20          13         820
        13          20         820
        20          14         835
        14          20         835
        20          15         972
        15          20         972
        20          16         642
        16          20         642
        20          17         397
        17          20         397
        20          18         745
        18          20         745
        20          19        1163
        19          20        1163
        20          20  1.84467e+19
        21           1         754
         1          21         754
        21           2         533
         2          21         533
        21           3         701
         3          21         701
        21           4        1315
         4          21        1315
        21           5         567
         5          21         567
        21           6        1605
         6          21        1605
        21           7        1286
         7          21        1286
        21           8        1580
         8          21        1580
        21           9         936
         9          21         936
        21          10         927
        10          21         927
        21          11         947
        11          21         947
        21          12         940
        12          21         940
        21          13         892
        13          21         892
        21          14        1114
        14          21        1114
        21          15         225
        15          21         225
        21          16         879
        16          21         879
        21          17         821
        17          21         821
        21          18        1105
        18          21        1105
        21          19         676
        19          21         676
        21          20        1183
        20          21        1183
        21          21  1.84467e+19
        22           1        1169
         1          22        1169
        22           2         915
         2          22         915
        22           3         426
         3          22         426
        22           4        1204
         4          22        1204
        22           5         443
         5          22         443
        22           6         807
         6          22         807
        22           7         435
         7          22         435
        22           8         739
         8          22         739
        22           9         594
         9          22         594
        22          10         428
        10          22         428
        22          11         986
        11          22         986
        22          12         165
        12          22         165
        22          13         100
        13          22         100
        22          14         263
        14          22         263
        22          15         763
        15          22         763
        22          16        1000
        16          22        1000
        22          17         411
        17          22         411
        22          18         240
        18          22         240
        22          19        1264
        19          22        1264
        22          20         725
        20          22         725
        22          21         865
        21          22         865
        22          22  1.84467e+19
        23           1        1488
         1          23        1488
        23           2        1219
         2          23        1219
        23           3         285
         3          23         285
        23           4        1796
         4          23        1796
        23           5         374
         5          23         374
        23           6        1017
         6          23        1017
        23           7         879
         7          23         879
        23           8        1079
         8          23        1079
        23           9         197
         9          23         197
        23          10         341
        10          23         341
        23          11        1493
        11          23        1493
        23          12         863
        12          23         863
        23          13         626
        13          23         626
        23          14         770
        14          23         770
        23          15         908
        15          23         908
        23          16        1467
        16          23        1467
        23          17        1023
        17          23        1023
        23          18         831
        18          23         831
        23          19        1473
        19          23        1473
        23          20        1399
        20          23        1399
        23          21         821
        21          23         821
        23          22         699
        22          23         699
        23          23  1.84467e+19
        24           1         720
         1          24         720
        24           2         481
         2          24         481
        24           3         676
         3          24         676
        24           4         846
         4          24         846
        24           5         579
         5          24         579
        24           6        1251
         6          24        1251
        24           7         861
         7          24         861
        24           8        1161
         8          24        1161
        24           9         928
         9          24         928
        24          10         803
        10          24         803
        24          11         560
        11          24         560
        24          12         414
        12          24         414
        24          13         541
        13          24         541
        24          14         700
        14          24         700
        24          15         451
        15          24         451
        24          16         558
        16          24         558
        24          17         180
        17          24         180
        24          18         645
        18          24         645
        24          19         839
        19          24         839
        24          20         549
        20          24         549
        24          21         644
        21          24         644
        24          22         453
        22          24         453
        24          23         950
        23          24         950
        24          24  1.84467e+19
        25           1        1280
         1          25        1280
        25           2        1009
         2          25        1009
        25           3         155
         3          25         155
        25           4        1447
         4          25        1447
        25           5         235
         5          25         235
        25           6         818
         6          25         818
        25           7         548
         7          25         548
        25           8         815
         8          25         815
        25           9         316
         9          25         316
        25          10         180
        10          25         180
        25          11        1183
        11          25        1183
        25          12         454
        12          25         454
        25          13         219
        13          25         219
        25          14         400
        14          25         400
        25          15         767
        15          25         767
        25          16        1178
        16          25        1178
        25          17         651
        17          25         651
        25          18         442
        18          25         442
        25          19        1326
        19          25        1326
        25          20        1004
        20          25        1004
        25          21         790
        21          25         790
        25          22         290
        22          25         290
        25          23         410
        23          25         410
        25          24         624
        24          25         624
        25          25  1.84467e+19
        26           1         816
         1          26         816
        26           2         543
         2          26         543
        26           3         456
         3          26         456
        26           4        1143
         4          26        1143
        26           5         325
         5          26         325
        26           6        1259
         6          26        1259
        26           7         913
         7          26         913
        26           8        1214
         8          26        1214
        26           9         723
         9          26         723
        26          10         649
        10          26         649
        26          11         813
        11          26         813
        26          12         552
        12          26         552
        26          13         524
        13          26         524
        26          14         740
        14          26         740
        26          15         293
        15          26         293
        26          16         780
        16          26         780
        26          17         478
        17          26         478
        26          18         723
        18          26         723
        26          19         847
        19          26         847
        26          20         869
        20          26         869
        26          21         388
        21          26         388
        26          22         483
        22          26         483
        26          23         690
        23          26         690
        26          24         325
        24          26         325
        26          25         479
        25          26         479
        26          26  1.84467e+19
        27           1         664
         1          27         664
        27           2         937
         2          27         937
        27           3        1936
         3          27        1936
        27           4         959
         4          27         959
        27           5        1802
         5          27        1802
        27           6        2596
         6          27        2596
        27           7        2198
         7          27        2198
        27           8        2485
         8          27        2485
        27           9        2203
         9          27        2203
        27          10        2119
        10          27        2119
        27          11         882
        11          27         882
        27          12        1745
        12          27        1745
        27          13        1897
        13          27        1897
        27          14        2049
        14          27        2049
        27          15        1240
        15          27        1240
        27          16         831
        16          27         831
        27          17        1438
        17          27        1438
        27          18        1983
        18          27        1983
        27          19         801
        19          27         801
        27          20        1427
        20          27        1427
        27          21        1374
        21          27        1374
        27          22        1809
        22          27        1809
        27          23        2147
        23          27        2147
        27          24        1356
        24          27        1356
        27          25        1941
        25          27        1941
        27          26        1480
        26          27        1480
        27          27  1.84467e+19
        28           1        1178
         1          28        1178
        28           2         915
         2          28         915
        28           3         319
         3          28         319
        28           4        1275
         4          28        1275
        28           5         331
         5          28         331
        28           6         826
         6          28         826
        28           7         483
         7          28         483
        28           8         780
         8          28         780
        28           9         500
         9          28         500
        28          10         343
        10          28         343
        28          11        1033
        11          28        1033
        28          12         269
        12          28         269
        28          13          90
        13          28          90
        28          14         311
        14          28         311
        28          15         726
        15          28         726
        28          16        1038
        16          28        1038
        28          17         476
        17          28         476
        28          18         316
        18          28         316
        28          19        1254
        19          28        1254
        28          20         818
        20          28         818
        28          21         803
        21          28         803
        28          22         107
        22          28         107
        28          23         594
        23          28         594
        28          24         480
        24          28         480
        28          25         188
        25          28         188
        28          26         435
        26          28         435
        28          27        1829
        27          28        1829
        28          28  1.84467e+19
        29           1         939
         1          29         939
        29           2         667
         2          29         667
        29           3         337
         3          29         337
        29           4        1213
         4          29        1213
        29           5         217
         5          29         217
        29           6        1137
         6          29        1137
        29           7         803
         7          29         803
        29           8        1100
         8          29        1100
        29           9         604
         9          29         604
        29          10         521
        10          29         521
        29          11         902
        11          29         902
        29          12         482
        12          29         482
        29          13         410
        13          29         410
        29          14         630
        14          29         630
        29          15         420
        15          29         420
        29          16         879
        16          29         879
        29          17         485
        17          29         485
        29          18         623
        18          29         623
        29          19         976
        19          29         976
        29          20         882
        20          29         882
        29          21         484
        21          29         484
        29          22         384
        22          29         384
        29          23         590
        23          29         590
        29          24         369
        24          29         369
        29          25         350
        25          29         350
        29          26         129
        26          29         129
        29          27        1603
        27          29        1603
        29          28         320
        28          29         320
        29          29  1.84467e+19
        30           1        1698
         1          30        1698
        30           2        1441
         2          30        1441
        30           3         604
         3          30         604
        30           4        2085
         4          30        2085
        30           5         665
         5          30         665
        30           6        1255
         6          30        1255
        30           7        1181
         7          30        1181
        30           8        1347
         8          30        1347
        30           9         482
         9          30         482
        30          10         652
        10          30         652
        30          11        1763
        11          30        1763
        30          12        1188
        12          30        1188
        30          13         952
        13          30         952
        30          14        1087
        14          30        1087
        30          15        1111
        15          30        1111
        30          16        1726
        16          30        1726
        30          17        1333
        17          30        1333
        30          18        1152
        18          30        1152
        30          19        1643
        19          30        1643
        30          20        1716
        20          30        1716
        30          21         968
        21          30         968
        30          22        1024
        22          30        1024
        30          23         326
        23          30         326
        30          24        1241
        24          30        1241
        30          25         736
        25          30         736
        30          26         949
        26          30         949
        30          27        2339
        27          30        2339
        30          28         919
        28          30         919
        30          29         872
        29          30         872
        30          30  1.84467e+19
        31           1         983
         1          31         983
        31           2         812
         2          31         812
        31           3         907
         3          31         907
        31           4         742
         4          31         742
        31           5         862
         5          31         862
        31           6        1123
         6          31        1123
        31           7         731
         7          31         731
        31           8         985
         8          31         985
        31           9        1104
         9          31        1104
        31          10         939
        10          31         939
        31          11         642
        11          31         642
        31          12         355
        12          31         355
        31          13         805
        13          31         805
        31          14         630
        14          31         630
        31          15         862
        15          31         862
        31          16         700
        16          31         700
        31          17         235
        17          31         235
        31          18         543
        18          31         543
        31          19        1157
        19          31        1157
        31          20         214
        20          31         214
        31          21        1056
        21          31        1056
        31          22         511
        22          31         511
        31          23        1191
        23          31        1191
        31          24         413
        24          31         413
        31          25         792
        25          31         792
        31          26         708
        26          31         708
        31          27        1524
        27          31        1524
        31          28         605
        28          31         605
        31          29         699
        29          31         699
        31          30        1511
        30          31        1511
        31          31  1.84467e+19
        32           1        1119
         1          32        1119
        32           2         848
         2          32         848
        32           3         214
         3          32         214
        32           4        1309
         4          32        1309
        32           5         182
         5          32         182
        32           6         943
         6          32         943
        32           7         627
         7          32         627
        32           8         916
         8          32         916
        32           9         455
         9          32         455
        32          10         340
        10          32         340
        32          11        1032
        11          32        1032
        32          12         397
        12          32         397
        32          13         238
        13          32         238
        32          14         459
        14          32         459
        32          15         617
        15          32         617
        32          16        1023
        16          32        1023
        32          17         525
        17          32         525
        32          18         470
        18          32         470
        32          19        1169
        19          32        1169
        32          20         902
        20          32         902
        32          21         655
        21          32         655
        32          22         251
        22          32         251
        32          23         499
        23          32         499
        32          24         473
        24          32         473
        32          25         161
        25          32         161
        32          26         325
        26          32         325
        32          27        1780
        27          32        1780
        32          28         154
        28          32         154
        32          29         197
        29          32         197
        32          30         815
        30          32         815
        32          31         697
        31          32         697
        32          32  1.84467e+19
        33           1        1029
         1          33        1029
        33           2         776
         2          33         776
        33           3         424
         3          33         424
        33           4        1479
         4          33        1479
        33           5         312
         5          33         312
        33           6        1359
         6          33        1359
        33           7        1086
         7          33        1086
        33           8        1361
         8          33        1361
        33           9         630
         9          33         630
        33          10         649
        10          33         649
        33          11        1131
        11          33        1131
        33          12         833
        12          33         833
        33          13         706
        13          33         706
        33          14         924
        14          33         924
        33          15         443
        15          33         443
        33          16        1082
        16          33        1082
        33          17         827
        17          33         827
        33          18         939
        18          33         939
        33          19         983
        19          33         983
        33          20        1222
        20          33        1222
        33          21         318
        21          33         318
        33          22         712
        22          33         712
        33          23         504
        23          33         504
        33          24         680
        24          33         680
        33          25         547
        25          33         547
        33          26         355
        26          33         355
        33          27        1673
        27          33        1673
        33          28         623
        28          33         623
        33          29         358
        29          33         358
        33          30         669
        30          33         669
        33          31        1051
        31          33        1051
        33          32         469
        32          33         469
        33          33  1.84467e+19
        34           1        1815
         1          34        1815
        34           2        1560
         2          34        1560
